time,angle
0.0,59.84
0.1,59.84
0.2,94.08
0.3,69.86
0.4,69.86
0.5,81.52
0.6,79.08
0.7,181.77
0.8,108.79
0.9,121.54
1.0,145.63
1.1,234.65
1.2,69.84
1.3,0.0
1.4,39.59
1.5,325.63
1.6,341.44
1.7,18.72
1.8,28.89
1.9,1.77
2.0,274.11
2.1,39.6
2.2,341.44
2.3,325.64
2.4,325.64
2.5,306.97
2.6,306.97
2.7,219.6
2.8,0.0
2.9,274.12
3.0,94.12
3.1,274.12
3.2,341.44
3.3,341.44
3.4,1.77
3.5,16.0
3.6,94.14
3.7,145.65
3.8,145.65
3.9,161.44
4.0,117.61
4.1,145.65
4.2,134.61
4.3,134.61
4.4,117.6
4.5,161.45
4.6,123.18
4.7,94.1
4.8,131.76
4.9,171.21
5.0,126.97
5.2,108.81
5.2,84.6
5.3,73.01
5.4,94.09
5.5,134.63
5.6,0.0
5.7,59.76
5.8,325.68
5.9,69.81
6.0,94.09
6.1,117.62
6.2,165.25
6.3,112.24
6.4,79.03
6.5,79.03
6.6,106.47
6.7,106.47
6.8,181.78
6.9,59.72
7.0,59.72
7.1,94.08
7.2,94.07
7.3,117.63
7.4,94.07
7.5,0.0
7.6,307.03
7.7,195.95
7.8,181.78
7.9,127.03
8.0,1.78
8.1,173.3
8.2,155.67
8.3,137.9
8.4,94.04
8.5,127.02
8.6,181.78
8.7,103.42
8.8,121.59
8.9,123.21
9.0,161.52
9.1,192.47
9.2,117.59
9.3,145.73
9.4,63.7
9.5,59.62
9.6,94.0
9.7,124.09
9.8,114.58
9.9,161.54
10.0,145.75
10.1,130.51
10.2,145.75
10.3,134.68
10.4,0.0
10.5,273.95
10.6,93.95
10.7,161.55
10.8,117.58
10.9,167.92
11.0,137.92
11.1,158.98
11.2,153.01
11.3,161.55
11.4,93.89
11.5,181.79
11.6,93.89
11.7,103.31
11.8,167.92
11.9,273.87
12.0,278.94
12.1,166.27
12.2,137.88
12.3,187.15
12.4,205.25
12.5,195.91
12.6,202.54
12.7,219.32
12.8,306.92
12.9,211.57
13.0,1.79
13.1,249.46
13.2,227.74
13.3,195.91
13.4,227.73
13.5,219.32
13.6,325.67
13.7,258.69
13.8,261.13
13.9,239.44
14.0,181.79
14.1,190.35
14.2,231.21
14.3,262.87
14.4,245.21
14.5,93.71
14.6,206.33
14.7,246.75
14.8,279.52
14.9,306.78
15.0,297.32
15.2,291.92
15.3,325.59
15.4,301.32
15.4,300.43
15.5,273.73
15.6,347.85
15.7,219.4
15.8,255.14
15.9,231.29
16.0,202.61
16.1,261.13
16.2,234.37
16.3,219.41
16.4,306.73
16.5,325.54
16.6,208.78
16.7,252.66
16.8,261.12
16.9,219.42
17.0,208.79
17.1,219.42
17.2,256.47
17.3,219.43
17.4,255.12
17.5,227.83
17.6,227.83
17.7,202.63
17.8,181.78
17.9,145.47
18.0,198.06
18.1,219.41
18.2,249.43
18.3,165.17
18.4,174.65
18.5,219.41
18.6,262.76
18.7,273.55
18.8,181.77
18.9,289.83
19.0,202.64
19.1,145.41
19.2,155.46
19.3,145.41
19.4,208.8
19.5,181.77
19.6,206.39
19.7,219.4
19.8,136.14
19.9,119.59
20.0,273.48
20.1,181.77
20.2,157.74
20.3,181.78
20.4,219.38
20.5,208.78
20.6,181.78
20.7,161.34
20.8,223.21
20.9,93.41
21.0,171.16
21.1,181.77
21.2,134.18
21.3,181.77
21.4,134.17
21.5,155.43
21.6,195.96
21.7,161.33
21.8,152.69
21.9,239.3
22.0,219.33
22.1,93.34
22.2,93.35
22.3,314.16
22.4,219.34
22.5,12.49
22.6,330.11
22.7,145.36
22.8,93.37
22.9,126.45
23.0,325.36
23.1,0.0
23.2,93.36
23.3,0.0
23.4,0.0
23.5,1.77
23.6,0.0
23.7,0.0
23.8,0.0
23.9,161.34
24.0,69.25
24.1,231.16
24.2,239.31
24.3,134.17
24.4,145.36
24.5,137.44
24.6,113.92
24.7,288.11
24.8,306.44
24.9,249.22
25.0,93.35
25.1,59.29
25.2,39.32
25.3,302.6
25.4,93.35
25.5,208.75
25.6,325.36
25.7,0.0
25.8,78.39
25.9,111.56
26.0,108.12
26.1,93.35
26.2,145.37
26.3,219.32
26.4,325.37
26.5,108.12
26.6,136.1
26.7,105.75
26.8,93.34
26.9,93.34
27.0,93.34
27.1,93.34
27.2,219.29
27.3,116.97
27.4,161.37
27.5,157.76
27.6,93.31
27.7,239.22
27.8,171.19
27.9,105.72
28.0,161.37
28.1,219.26
28.2,157.76
28.3,145.39
28.4,93.27
28.5,145.39
28.6,195.93
28.7,167.81
28.8,171.19
28.9,176.43
29.0,181.78
29.1,231.01
29.2,145.36
29.3,93.21
29.4,82.39
29.5,105.64
29.6,173.27
29.7,181.78
29.8,64.85
29.9,126.4
30.0,181.78
30.1,219.19
30.2,93.17
30.3,126.39
30.4,145.38
30.5,167.81
30.6,192.46
30.7,188.94
30.8,219.17
30.9,258.12
31.0,230.94
31.1,195.92
31.2,219.17
31.3,248.96
31.4,248.96
31.5,273.1
31.6,219.17
31.7,195.92
31.8,243.07
31.9,296.78
32.0,219.17
32.1,134.08
32.2,206.27
32.3,219.17
32.4,171.18
32.5,181.78
32.6,126.28
32.7,145.31
32.8,214.93
32.9,219.15
33.0,273.01
33.1,291.27
33.2,248.9
33.3,248.9
33.4,181.78
33.5,68.89
33.6,116.7
33.7,134.02
33.8,239.0
33.9,181.78
34.0,145.28
34.1,190.36
34.2,181.78
34.3,190.35
34.4,145.27
34.5,272.94
34.6,272.94
34.7,202.52
34.8,145.26
34.9,137.29
35.0,181.78
35.1,272.92
35.2,257.95
35.3,145.25
35.4,145.26
35.5,0.0
35.6,272.9
35.7,248.81
35.8,238.94
35.9,246.17
36.0,254.4
36.1,272.89
36.2,228.85
36.3,248.81
36.4,111.13
36.5,133.92
36.6,244.64
36.7,202.54
36.8,161.28
36.9,208.64
37.0,230.85
37.1,219.14
37.2,296.53
37.3,283.53
37.4,233.89
37.5,227.43
37.6,256.31
37.7,241.45
37.8,272.81
37.9,58.94
38.0,238.94
38.1,256.3
38.2,257.88
38.3,195.95
38.4,167.72
38.5,230.87
38.6,219.17
38.7,296.44
38.8,145.1
38.9,0.0
39.0,181.77
39.1,161.23
39.2,92.77
39.3,296.44
39.4,230.87
39.5,248.78
39.6,229.46
39.7,242.93
39.8,227.46
39.9,92.73
40.0,227.45
40.1,250.94
40.2,219.19
40.3,208.69
40.4,0.0
40.5,230.88
40.6,173.19
40.7,208.69
40.8,238.92
40.9,248.73
41.0,325.01
41.1,272.69
41.2,272.68
41.3,219.19
41.4,272.68
41.5,167.67
41.6,225.58
41.7,167.67
41.8,204.68
41.9,211.54
42.0,125.82
42.1,92.61
42.2,219.17
42.3,227.43
42.4,238.88
42.5,272.59
42.6,219.18
42.7,181.77
42.8,144.95
42.9,296.22
43.0,272.58
43.1,227.43
43.2,233.85
43.3,181.77
43.4,161.14
43.5,219.17
43.6,202.59
43.7,0.0
43.8,272.54
43.9,219.17
44.0,181.76
44.1,272.52
44.2,272.52
44.3,272.52
44.4,230.83
44.5,272.52
44.6,219.18
44.7,272.52
44.8,272.52
44.9,272.51
45.0,272.52
45.2,260.08
45.2,300.18
45.3,264.99
45.4,195.99
45.5,230.86
45.6,296.12
45.7,144.86
45.8,324.86
45.9,296.12
46.0,219.21
46.1,47.8
46.2,272.7
46.3,38.32
46.4,357.89
46.5,161.14
46.6,341.29
46.7,160.85
46.8,49.68
46.9,0.0
47.0,93.02
47.1,0.0
47.2,273.02
47.3,93.03
47.4,273.04
47.5,1.78
47.6,145.35
47.7,1.78
47.8,240.49
47.9,343.7
48.0,0.0
48.1,0.0
48.2,1.78
48.3,181.78
48.4,182.71
48.5,2.71
48.6,302.66
48.7,27.26
48.8,0.0
48.9,109.5
49.0,290.16
49.1,273.48
49.2,267.97
49.3,242.26
49.4,256.27
49.5,308.77
49.6,257.27
49.7,233.33
49.8,268.78
49.9,273.89
50.0,283.53
50.1,265.43
50.2,264.39
50.3,270.44
50.4,318.59
50.5,86.34
50.6,243.0
50.7,269.69
50.8,270.25
50.9,270.64
51.0,269.92
51.1,269.64
51.2,271.54
51.3,270.05
51.4,270.03
51.5,269.98
51.6,269.99
51.7,270.02
51.8,270.02
51.9,269.97
52.0,90.02
52.1,180.0
52.2,89.99
52.3,90.0
52.4,90.0
52.5,90.0
52.6,90.0
52.7,270.0
52.8,270.0
52.9,270.0
53.0,90.0
53.1,90.0
53.2,270.0
53.3,270.0
53.4,270.0
53.5,270.0
53.6,270.0
53.7,0.0
53.8,270.0
53.9,270.0
54.0,90.0
54.1,90.0
54.2,90.0
54.3,90.0
54.4,90.0
54.5,90.0
54.6,90.0
54.7,90.0
54.8,90.0
54.9,90.0
55.0,90.0
55.1,90.0
55.2,90.0
55.3,90.0
55.4,0.0
55.5,270.0
55.6,90.0
55.7,90.0
55.8,90.0
55.9,270.0
56.0,270.0
56.1,270.0
56.2,180.0
56.3,90.0
56.4,90.0
56.5,180.0
56.6,270.0
56.7,90.0
56.8,90.0
56.9,90.0
57.0,90.0
57.1,270.0
57.2,270.0
57.3,90.0
57.4,90.0
57.5,90.0
57.6,90.0
57.7,270.0
57.8,270.0
57.9,90.0
58.0,270.0
58.1,270.0
58.2,270.0
58.3,270.0
58.4,270.0
58.5,90.0
58.6,90.0
58.7,270.0
58.8,270.0
58.9,90.0
59.0,90.0
59.1,90.0
59.2,90.0
59.3,90.0
59.4,90.0
59.5,90.0
59.6,90.0
59.7,90.0
59.8,90.0
59.9,90.0
60.0,90.0
